750
56
412
584
684 685
102 104
320
409 410
359 363
131 133
564 566
825 828
500
647
561
272
609 612
507
430
333
231 234
59 64
626
893
347
98
140
46 47
904 909
667
71 72
385 388
286
103
664 666
620 622
850
899
583 585
494 495
757
745
451
770 773
740 744
993 995
49 51
816 817
551
493
826
100
74
368 371
718
254
815
350 355
588
997
289 290
496 498
874
460
784
654
865
669
973 974
436
196
834 835
145
768
224 227
484 487
808 810
114 115
470 475
80 82
771
560
216
476 478
45
168 169
40 44
91 93
832 833
539
210
406
742
951
570
241
678
747
668 670
910 912
266 269
735 737
407 408
490 492
469 474
628 631
438 443
391
908
712
431
455 459
714 715
688
258
694
191 195
179
194
467
228
466 471
255
247
917
977 979
161 162
958 960
23
567
596
251
384 386
512 513
452 454
697 699
956 957
403 405
863
537 542
155 157
752 758
906
48
947 952
641
992
356
334
506
132
276
42
829
878
852
208
38
183 185
805 806
77
6 8
510 511
11
298
754
926
617 619
306 310
961 965
193
994
916 918
922
393
859
324 327
116 117
812
629
543 544
759 760
352
761
24
125
421
394 395
330 331
173 175
818 824
483
109
820
677
838 841
929 930
66 67
627
723
499
532
630 632
200 204
716 717
249 250
592
14
138 143
387
17
76 79
205
662 665
367
398 399
481 482
936
635 636
325
644
309
536
147 150
112
767
867
520
382 383
262 264
659 661
335 336
281
450
81
462
707
857 858
964
605
41
433
34
20 26
581 582
875
214 215
681 683
148
245
339 341
847 856
259 263
36 37
739
920 928
975
700 709
416
414 417
180 182
837 840
969
509
557
799
453
129 130
99 101
550
733
364
473
360
572 573
901 903
425
374
655
941 943
61 65
987
236 237
458 461
657 660
90
84 86
413 415
751 753
517 518
7
614
176
28
871 872
720 721
811
78
442
765 769
610
291 295
3
576
62
0 2
996 999
738
239
153 156
343 344
980 981
202
599 600
329
504
166
434 437
5
652
645
569
710 711
809
921
821
589 590
265
823
844
151 152
31 32
839
178
279
898 902
267
692
282
303
256 257
283
746
170
268
435
252 253
144 146
813 814
439
348
611
741
219
955
780
800 801
73
931
401 402
313
531
559
477
33
203
21
860
83
774 781
377
271 280
516
4
167
326
791
158 160
468
502
830
594
919 927
472
85 88
736
316
889
285 288
94 95
486
317
691
75
945 946
690
797 798
457
96 97
785
122
43
633 634
296
479
938
110
293
489
649
734
123 124
189
724
887
197
60
9
22
775
441
894 897
937 940
638
120
948
346
378
70
456
873 876
39
135
16
869
222
514
92
260
877
501 503
682
448
107
340
778
332
602
25
855
579 580
463
727
613
134 137
698 701
141
982 985
549
646
766
198 199
695 696
671
776
315
218 221
15 18
849
505
63
209
777
223 226
541
942
381
848
230
606
13
905
211
925
728
533
275
586 587
302
345 353
913
882 883
29
675 676
703 705
795 796
328
568 571
497
206 207
238 242
319
373 376
323
923
932 934
984 988
311
447 449
113
604
713
959
515
164
935
428 432
802
575
970
807
574
508
967 968
225
836
277
361
357
351
556
989
933
270 273
177
312
803
764
702
888
706
896
19
446
89
300
827
722
978
971
616
755
184
672
686 689
831
464 465
159
370
68 69
297 304
444 445
648
743
354
983
966
843
822
525 528
299
422 426
972
591
553 558
846 853
939
526
748
521 522
924
261
884 885
663
870
424 427
729
772
530
642
192
105 108
411
914
1
658
861 866
121
201
577 578
637 643
485
171 172
372 375
595 598
27 30
851
244 248
423
756
601 603
523 524
673 674
136
639
986
54 55
615 618
555
762 763
650
680
879 881
545 547
233
358
35
243 246
895
420
240
854
379
519
235
397
623
845
726 731
804
749 750
900
232
593
400
274
944
730
181
546
149
229
212
624 625
307 318
708
886
819
679
862 868
287
390 392
163 165
10 12
725
907
186
554
369
949 953
429
788 789
187
491
976
220
540
842
790
440
719
962
548 552
911 915
651 653
139
111
418 419
87
640
538
321 322
597
213
621
656
342
284
880
396
294
864
786
565
732
106
793 794
118 119
52 53
314
990 991
174
704
127
217
950
278
404
142
362
792
787
534 535
188 190
292
693
154
527 529
687
380
308
998
954
891 892
782 783
301
488
126 128
562 563
890
349
389
337 338
305
963
779
50
365 366
607 608
480
57 58
